100
150
2
1

100
170
2
1

100
190
2
1

100
210
2
1

100
230
2
1

100
250
2
1

100
270
2
1

100
290
2
1

100
310
2
1

100
330
2
1

100
350
2
1

100
370
2
1

100
390
1
2

150
170
3
1

150
190
3
1

150
210
3
1

150
230
3
1

150
250
3
1

150
270
3
1

150
290
3
1

150
310
3
1

150
330
3
1

150
350
3
1

150
350
3
1

150
370
3
1

150
390
1
2

200
190
4
1

200
210
4
1

200
230
4
1

200
250
4
1

200
270
4
1

200
290
4
1

200
310
4
1

200
330
4
1

200
350
4
1

200
370
4
1

200
390
1
2

250
210
5
1

250
230
5
1

250
250
5
1

250
270
5
1

250
290
5
1

250
310
5
1

250
330
5
1

250
350
5
1

250
370
5
1

250
390
1
2

300
230
6
1

300
250
6
1

300
270
6
1

300
290
6
1

300
310
6
1

300
330
6
1

300
350
6
1

300
370
6
1

300
390
1
2

350
250
2
1

350
270
2
1

350
290
2
1

350
310
2
1

350
330
2
1

350
350
2
1

350
370
2
1

350
390
1
2

400
270
3
1

400
290
3
1

400
310
3
1

400
330
3
1

400
350
3
1

400
370
3
1

400
390
1
2

450
290
4
1

450
310
4
1

450
330
4
1

450
350
4
1

450
370
4
1

450
390
1
2

500
310
5
1

500
330
5
1

500
350
5
1

500
370
5
1

500
390
1
2

550
330
6
1

550
350
6
1

550
370
6
1

550
390
1
2

600
350
2
1

600
370
2
1

600
390
1
2

650
370
3
1

650
390
1
2

700
390
1
2




