250
150
1
2

300
150
1
2

500
150
1
2

550
150
1
2

200
170
1
2

250
170
3
1

300
170
3
1

350
170
1
2

450
170
1
2

500
170
2
1

550
170
2
1

600
170
1
2

150
190
1
2

200
190
3
1

250
190
3
1

300
190
3
1

350
190
3
1

400
190
1
2

450
190
2
1

500
190
2
1

550
190
2
1

600
190
2
1

650
190
1
2

150
210
1
2

200
210
3
1

250
210
3
1

300
210
3
1

350
210
3
1

400
210
3
1

450
210
2
1

500
210
2
1

550
210
2
1

600
210
2
1

650
210
1
2

100
230
1
2

150
230
3
1

200
230
3
1

250
230
3
1

300
230
3
1

350
230
3
1

400
230
2
1

450
230
2
1

500
230
2
1

550
230
2
1

600
230
2
1

650
230
2
1

700
230
1
2

100
250
1
2

150
250
3
1

200
250
3
1

250
250
3
1

300
250
3
1

350
250
3
1

400
250
3
1

450
250
2
1

500
250
2
1

550
250
2
1

600
250
2
1

650
250
2
1

700
250
1
2

100
270
1
2

150
270
3
1

200
270
3
1

250
270
3
1

300
270
3
1

350
270
3
1

400
270
2
1

450
270
2
1

500
270
2
1

550
270
2
1

600
270
2
1

650
270
2
1

700
270
1
2

100
290
1
2

150
290
3
1

200
290
3
1

250
290
3
1

300
290
3
1

350
290
3
1

400
290
3
1

450
290
2
1

500
290
2
1

550
290
2
1

600
290
2
1

650
290
2
1

700
290
1
2

150
310
1
2

200
310
3
1

250
310
3
1

300
310
3
1

350
310
3
1

400
310
2
1

450
310
2
1

500
310
2
1

550
310
2
1

600
310
2
1

650
310
1
2

150
330
1
2

200
330
3
1

250
330
3
1

300
330
3
1

350
330
3
1

400
330
3
1

450
330
2
1

500
330
2
1

550
330
2
1

550
330
2
1

600
330
2
1

650
330
1
2

200
350
1
2

250
350
3
1

300
350
3
1

350
350
3
1

400
350
2
1

450
350
2
1

500
350
2
1

550
350
2
1

600
350
1
2

250
370
1
2

300
370
3
1

350
370
3
1

400
370
3
1

450
370
2
1

500
370
2
1

550
370
1
2

300
390
1
2

350
390
3
1

400
390
2
1

450
390
2
1

500
390
1
2

350
410
1
2

400
410
3
1

450
410
1
2

400
430
1
2




