250
150
3
1

550
150
3
1

250
170
3
1

550
170
3
1

300
190
3
1

500
190
3
1

300
210
3
1

500
210
3
1

250
230
1
2

300
230
1
2

350
230
1
2

400
230
1
2

450
230
1
2

500
230
1
2

550
230
1
2

250
250
1
2

300
250
1
2

350
250
1
2

400
250
1
2

450
250
1
2

500
250
1
2

550
250
1
2

200
270
1
2

250
270
1
2

300
270
2
1

350
270
1
2

400
270
1
2

450
270
1
2

500
270
2
1

550
270
1
2

600
270
1
2

200
290
1
2

250
290
1
2

300
290
2
1

350
290
1
2

400
290
1
2

450
290
1
2

500
290
2
1

550
290
1
2

600
290
1
2

150
310
1
2

200
310
1
2

250
310
1
2

300
310
1
2

350
310
1
2

400
310
1
2

450
310
1
2

500
310
1
2

550
310
1
2

600
310
1
2

650
310
1
2

150
330
1
2

200
330
1
2

250
330
1
2

300
330
1
2

350
330
1
2

400
330
1
2

450
330
1
2

500
330
1
2

550
330
1
2

600
330
1
2

650
330
1
2

150
350
1
2

200
350
1
2

250
350
1
2

300
350
1
2

350
350
1
2

400
350
1
2

450
350
1
2

500
350
1
2

550
350
1
2

600
350
1
2

650
350
1
2

150
370
1
2

250
370
1
2

300
370
1
2

350
370
1
2

400
370
1
2

450
370
1
2

500
370
1
2

550
370
1
2

650
370
1
2

150
390
1
2

250
390
1
2

550
390
1
2

650
390
1
2

150
410
1
2

250
410
1
2

550
410
1
2

650
410
1
2

300
430
1
2

350
430
1
2

450
430
1
2

500
430
1
2

300
450
1
2

350
450
1
2

450
450
1
2

500
450
1
2