100
150
1
2

150
150
1
2

200
150
1
2

250
150
1
2

300
150
1
2

350
150
1
2

400
150
1
2

450
150
1
2

500
150
1
2

550
150
1
2

600
150
1
1

650
150
1
1

700
150
1
1

100
170
2
1

150
170
2
1

200
170
2
1

250
170
2
1

300
170
2
1

350
170
2
1

400
170
2
1

450
170
2
1

500
170
2
1

550
170
2
1

600
170
2
1

650
170
2
1

700
170
2
1

100
190
3
1

150
190
3
1

200
190
3
1

250
190
3
1

300
190
3
1

350
190
3
1

400
190
3
1

450
190
3
1

500
190
3
1

550
190
3
1

600
190
3
1

650
190
3
1

700
190
3
1

100
210
4
1

150
210
4
1

200
210
4
1

250
210
4
1

300
210
4
1

350
210
4
1

400
210
4
1

450
210
4
1

500
210
4
1

550
210
4
1

600
210
4
1

650
210
4
1

700
210
4
1

100
230
5
1

150
230
5
1

200
230
5
1

250
230
5
1

300
230
5
1

350
230
5
1

400
230
5
1

450
230
5
1

500
230
5
1

550
230
5
1

600
230
5
1

650
230
5
1

700
230
5
1

100
250
6
1

150
250
6
1

200
250
6
1

250
250
6
1

300
250
6
1

350
250
6
1

400
250
6
1

450
250
6
1

500
250
6
1

550
250
6
1

600
250
6
1

650
250
6
1

700
250
6
1




